Метод Свенна
-----------------------------------
     i     h         fx    x1        x2
-----------------------------------
    1  1         50        -4         5      
    2  1         50         1.0263   -8.45e-3
    3  2         7.62e-4   11.0788  -10.0254 
-----------------------------------
 Метод дихотомії 
-----------------------------------
    i  L        fx         x
-----------------------------------
    4  1.499     12.7115    3.5344   -2.5077 
    5  1.501     12.8129    3.5444   -2.5177 
    6  0.7495    3.0727    -0.2328    1.2462 
    7  0.7515    3.0232    -0.2228    1.2361 
    8  0.3748    0.8214     1.6508   -0.6308 
    9  0.3767    0.8473     1.6608   -0.6408 
   10  0.1874    0.1794     0.709     0.3077 
   11  0.1894    0.1676     0.719     0.2977 
   12  0.0937    0.0585     1.1799   -0.1615 
   13  0.0957    0.0655     1.1899   -0.1715 
   14  0.0468    8.43e-3    0.9444    0.0731 
   15  0.0488    6.05e-3    0.9545    0.0631 
   16  0.0234    5.82e-3    1.0622   -0.0442 
   17  0.0254    8.16e-3    1.0722   -0.0542 
   18  0.0117    2.19e-4    1.0033    0.0144 
   19  0.0137    1.98e-4    1.0134    4.42e-3
   20  5.86e-3   1.29e-3    1.0327   -0.0149 
   21  7.86e-3   2.45e-3    1.0428   -0.0249 
-----------------------------------
i = 21 L = 0.0078555
Метод Ньютона з одновимірним пошуком
---------------------------------------------
     k     ns      fx       x1        x2
---------------------------------------------
    1  7.1048    1.29e-3    1.0327   -0.0149 
---------------------------------------------
Метод Свенна
-----------------------------------
     i     h         fx    x1        x2
-----------------------------------
   22  1         1.29e-3    1.0327   -0.0149 
   23  1         1.29e-3    1         6e-11  
   24  2         1.2e-17    0.9345    0.0298 
-----------------------------------
 Метод дихотомії 
-----------------------------------
    i  L        fx         x
-----------------------------------
   25  1.499     3.22e-4    0.9837    7.43e-3
   26  1.501     3.25e-4    0.9836    7.46e-3
   27  0.7495    8.12e-5    1.0082   -3.73e-3
   28  0.7515    7.99e-5    1.0081   -3.7e-3 
   29  0.3748    2e-5       0.9959    1.85e-3
   30  0.3767    2.06e-5    0.9959    1.88e-3
   31  0.1874    5.15e-6    1.0021   -9.4e-4 
   32  0.1894    4.83e-6    1.002    -9.1e-4 
   33  0.0937    1.21e-6    0.999     4.55e-4
   34  0.0957    1.37e-6    0.9989    4.85e-4
   35  0.0468    3.43e-7    1.0005   -2.42e-4
   36  0.0488    2.64e-7    1.0005   -2.13e-4
   37  0.0234    6.59e-8    0.9998    1.06e-4
   38  0.0254    1.08e-7    0.9997    1.36e-4
   39  0.0117    2.7e-8     1.0001   -6.8e-5 
   40  0.0137    8.54e-9    1.0001   -3.83e-5
   41  5.86e-3   2.14e-9    1         1.91e-5
   42  7.86e-3   1.4e-8     0.9999    4.89e-5
-----------------------------------
i = 42 L = 0.0078555
Метод Ньютона з одновимірним пошуком
---------------------------------------------
     k     ns      fx       x1        x2
---------------------------------------------
    2  0.036     2.14e-9    1         1.91e-5
---------------------------------------------
Метод Свенна
-----------------------------------
     i     h         fx    x1        x2
-----------------------------------
   43  1         2.14e-9    1         1.91e-5
   44  1         2.14e-9    1         1.9e-18
   45  2         1.5e-30    1.0001   -3.83e-5
-----------------------------------
 Метод дихотомії 
-----------------------------------
    i  L        fx         x
-----------------------------------
   46  1.499     5.3e-10    1        -9.55e-6
   47  1.501     5.4e-10    1        -9.59e-6
   48  0.7495    1.3e-10    1         4.79e-6
   49  0.7515    1.3e-10    1         4.75e-6
   50  0.3748    3.3e-11    1        -2.38e-6
   51  0.3767    3.4e-11    1        -2.42e-6
   52  0.1874    8.5e-12    1         1.21e-6
   53  0.1894    8e-12      1         1.17e-6
   54  0.0937    2e-12      1        -5.85e-7
   55  0.0957    2.3e-12    1        -6.23e-7
   56  0.0468    5.7e-13    1         3.12e-7
   57  0.0488    4.4e-13    1         2.73e-7
   58  0.0234    1.1e-13    1        -1.37e-7
   59  0.0254    1.8e-13    1        -1.75e-7
   60  0.0117    4.5e-14    1         8.74e-8
   61  0.0137    1.4e-14    1         4.92e-8
   62  5.86e-3   3.5e-15    1        -2.46e-8
   63  7.86e-3   2.3e-14    1        -6.29e-8
-----------------------------------
i = 63 L = 0.0078555
Метод Ньютона з одновимірним пошуком
---------------------------------------------
     k     ns      fx       x1        x2
---------------------------------------------
    3  4.63e-5   3.5e-15    1        -2.46e-8
---------------------------------------------
